0.8016739
0.79479206
0.80459476
0.7931453
0.8091465
0.7467808
0.6902352
0.7095461
0.7072405
0.7590548
0.760232
0.7710933
0.716564
0.67431307
0.6601357
0.62659836
0.6840045
0.7529357
0.7912913
0.7559971
0.67321163
0.6099928
0.678883
0.67061424
0.644487
0.6955241
0.62149763
0.70684177
0.70730567
0.746709
0.8213676
0.6573994
0.6309729
0.6985892
0.65723723
0.6052919
0.676947
0.5417148
0.6430087
0.61843526
0.4468815
0.55288583
0.5102024
0.77230597
0.8607803
0.79041445
0.38810807
0.50759834
0.5968112
0.5804013
0.8182912
0.5450059
0.46599507
0.7190163
0.59452164
0.5682763
0.4877941
0.5382534
0.55859196
0.5910794
0.70978135
0.6665127
0.44891348
0.6230094
0.46012497
0.516572
0.6414813
0.67458874
0.53617704
0.5928958
0.643914
0.38683325
0.48244703
0.53290194
0.4609614
0.57666945
0.5947742
0.56879056
0.4819221
0.39454976
0.3676241
0.5468045
0.3587323
0.4679129
1.2269295
1.1745532
1.046962
1.0332711
0.72234035
0.6285436
0.70694697
0.56531477
0.62433815
0.6449124
0.69350576
0.70302385
0.72429585
0.740314
0.65527844
0.63337934
0.6239373
0.62397087
0.64427847
0.6356442
0.6009901
0.51883394
0.5398014
0.50558805
0.5431829
0.4360647
0.5166251
0.5536463
0.44436133
0.38752618
0.42193058
0.63612837
0.5345123
0.64401805
0.5037701
0.7600837
0.76032287
0.76038116
0.7227118
0.74058795
0.5489881
0.5970834
0.6801884
0.74576855
0.5023863
0.6885268
0.5339526
0.5370539
0.55241436
0.7289478
0.7022444
0.56168735
0.6542632
0.7547014
0.5149182
0.5133882
0.595318
0.48654842
0.47467673
0.550434
0.5132493
0.53271204
0.7567953
0.63464826
0.5589937
0.5082499
0.52492034
0.49644232
0.66953784
0.45596933
0.39090148
0.5398533
0.38165247
0.5105575
0.59657013
0.37836826
0.6955143
0.5344522
0.3524444
0.36442152
0.4097073
0.37671617
0.6900165
0.37147626
0.30867603
0.45757952
0.48105597
0.43714306
0.4084449
0.5550391
0.39092743
0.67952466
0.7708728
0.7203263
0.5805141
0.64008665
0.83679724
0.6343266
0.6914563
0.5887056
0.5977168
0.5249285
0.41738006
0.48950833
0.50485027
0.45678526
0.40047756
0.4548182
0.4314552
0.5761089
0.7965718
0.3090697
0.57327044
0.4614935
0.56052274
0.5847552
0.5531317
0.46979886
1.100692
0.46239245
0.74058735
0.4386389
0.5326139
0.517962
0.6864353
0.54492736
0.6706955
0.54442525
0.6661751
0.5065551
0.6741729
0.63617367
0.6026177
0.7093512
0.55862576
0.67644924
0.5703518
0.59834486
0.5961393
0.5120808
0.6553708
0.45230547
0.6166204
0.62717354
0.5148684
0.427835
0.6240895
0.5684329
0.41527116
0.5682814
0.5980224
0.46528938
0.741874
0.52272344
0.46631482
0.5239574
0.9111386
0.75146246
0.7668612
0.5000145
0.5326532
0.60631406
0.6065479
0.5864875
0.5128037
0.44755834
0.41116378
0.45602432
0.4757895
0.46879673
0.5790092
0.4705622
0.60558766
0.5679176
0.5953562
0.7061688
0.43858352
0.68939865
0.3901366
0.7057207
0.3532249
0.3970401
0.43799365
0.59668577
0.5031266
0.4736796
0.5970412
0.71509594
0.548141
0.7393011
0.5676427
0.87289613
0.42692155
0.5540701
0.70019984
0.38022295
0.7202663
0.54778445
0.50201494
0.6211237
0.58372575
0.53636235
0.5261222
0.5581715
0.5128069
0.6605651
0.44901478
0.48873585
0.6376458
0.43013155
0.56075865
0.43638197
0.5362419
0.44032577
0.5318597
0.4838752
0.69911593
0.7002185
0.5313951
0.4532565
0.7292434
0.3971549
0.5239946
0.5825713
0.8844236
0.69921887
0.50358176
0.36945197
0.7057107
0.56081516
0.46800116
0.8259245
0.5297068
0.53635526
0.6612284
0.5150534
0.42582935
0.53160655
0.77727115
0.81023264
0.63157976
0.49940658
0.666751
0.50838965
0.4845075
0.6829237
0.5083459
0.5130113
0.57455367
0.56944907
0.448004
0.5143718
0.40032884
0.692951
0.6405291
0.5091775
0.48830128
0.4874614
0.49753347
0.44082355
0.43107313
0.49540502
0.48596507
0.88322085
0.45219114
0.43484494
0.7459623
0.4429473
0.7371998
0.71109146
0.45901313
0.47308505
0.38731423
0.8340089
0.5496867
0.67455137
0.66184974
0.36854285
0.49025264
0.7328224
0.47304314
0.53912264
0.6285864
0.47747737
0.39098638
0.38580298
0.8344422
0.4677444
0.77688545
0.46201932
0.37041533
0.5415514
0.67763466
0.5967211
0.56884754
0.4584927
0.4152868
0.5731195
0.48145446
0.5520324
0.61416715
0.7242904
0.4390884
0.44267753
0.3642409
0.50634056
0.41069484
0.3865013
0.4134142
0.60252875
0.7114371
0.5078218
0.4936829
0.45242915
0.62458354
0.6246377
0.53379774
0.4473993
0.6125176
0.5438937
0.8318535
0.5177616
0.8455507
0.5596129
0.4773562
0.51849043
0.7007283
0.40956807
0.4166001
0.5634243
0.5028032
0.40326443
0.5731094
0.46643773
0.41204292
0.37267023
0.3878809
0.6120684
0.42762795
0.39493084
0.77998084
0.4704228
0.45424175
0.5613296
0.3771364
0.83782303
0.36244276
0.5438156
0.6319037
0.66521657
0.6419133
0.4138286
0.4702937
0.37604392
0.4466177
0.77110475
0.6942416
0.5169544
0.56513435
0.4674177
0.7371574
0.50350726
0.7349942
0.52332443
0.5551282
0.7060611
0.7188537
0.50883305
0.69485235
0.7129437
0.45939705
0.7528845
0.43481913
0.564989
0.5270391
0.65683436
0.46967113
0.636477
0.48245963
0.446224
0.46181753
0.5277696
0.41677454
0.6581383
0.39365128
0.29358166
0.41080815
0.42083743
0.62274563
0.77781683
0.5859459
0.4274798
0.3087757
0.7334956
0.5826037
0.41102207
0.3723937
0.6290826
0.4622924
0.47201005
0.3201498
0.7724326
0.36878625
0.47178918
0.3033389
0.5703747
0.43066323
0.47136298
0.43992007
0.59970915
0.41129634
0.46273434
0.5936644
0.7671453
0.33795246
1.0566081
