0.81730604
0.86217993
0.64791954
0.8916936
0.79455924
1.042038
0.7123461
0.94862455
0.80415523
0.62216413
0.6053754
0.6405964
0.681411
0.5689171
0.6494471
0.75703156
0.7320143
0.6936894
1.0095872
0.6884502
0.61302
0.61646783
0.6015373
0.58326405
0.5849513
0.71166545
0.5700781
0.77348685
0.6169373
0.8488429
0.68366706
0.82698
0.5532311
0.7773823
0.7258335
0.601771
0.6875599
0.5685736
0.62016904
0.5946884
0.528492
0.6056584
0.7341166
0.84719104
0.91780055
0.638705
0.5076576
0.4598254
0.49472225
0.673006
0.79059833
0.45021182
0.68544686
0.6187825
0.5826376
0.4779626
0.47195753
0.48078004
0.55836093
0.5515794
0.68484515
0.70115536
0.4570438
0.58027744
0.5284615
0.4369026
0.5739518
0.69814706
0.5916956
0.63975805
0.44086254
0.36459455
0.47481966
0.54384226
0.42458376
0.6002656
0.7338064
0.8305843
0.533957
0.46106845
0.22373782
0.14886439
0.6915441
0.53976196
2.041184
1.664476
1.5083662
1.219592
0.5986333
0.75675374
0.70982885
0.71437716
0.6198336
0.5694593
0.82699156
0.7482548
0.95272535
0.87198514
0.5099649
0.5275067
0.56948876
0.6205115
0.7160602
0.54603577
0.45009267
0.42520094
0.44543612
0.32647872
0.3563996
0.3086303
0.3590188
0.49690795
0.29608822
0.4306392
0.41418383
0.7569339
0.67904675
0.90776277
0.54892904
0.84634864
0.7286703
0.68272686
0.6235931
0.8224647
0.5452468
0.5986155
0.5393503
0.67354465
0.4083996
0.4847119
0.48495647
0.515906
0.4978873
1.0783569
0.5045792
0.41520417
0.5760248
0.7881571
0.55202127
0.44616008
0.4684302
0.45551065
0.4648471
0.5027156
0.45984828
0.5455566
0.73988575
0.64126325
0.5990544
0.5649311
0.5134787
0.5029444
0.56699604
0.45979726
0.47260535
0.5307536
0.687462
0.5639273
0.6024907
0.4321352
0.6876041
0.6874667
0.4471564
0.42652452
0.41357148
0.36659285
0.45335013
0.42193162
0.3938741
0.62753814
0.48104045
0.4608967
0.40240118
0.5569678
0.41350746
0.49936646
0.6745049
0.75404084
0.58331966
0.53937054
0.44242603
0.48111844
0.73000944
0.6925082
0.5640554
0.5318072
0.32953
0.41371113
0.4453904
0.4393286
0.41255957
0.48237285
0.4537319
0.5347038
0.86370254
0.3348992
0.61869013
0.40144247
0.44108063
0.404875
0.44516975
0.4868756
0.7642928
0.4307413
0.704708
0.39515883
0.5842147
0.46820372
0.76342165
0.5033341
0.7174756
0.5923244
0.5973644
0.3490844
0.69943106
0.48308328
0.4684306
0.63233113
0.57506704
0.7029064
0.6242667
0.66912645
0.67691857
0.4792548
0.6441547
0.56390464
0.5747992
0.5311911
0.47590604
0.45260477
0.57846594
0.48832133
0.4289251
0.71089166
0.5311492
0.54280025
0.95644164
0.59441185
0.7402574
0.7191896
0.52893203
0.49656105
0.56874555
0.6622609
0.60432094
0.6006918
0.737863
0.5886344
0.57511455
0.43955952
0.41640165
0.4964741
0.48189312
0.5022695
0.6130741
0.5315252
0.6443356
0.5292925
0.64420635
0.72898674
0.49879086
0.47802272
0.6632586
0.61061424
0.5041743
0.45684263
0.6283431
0.57312405
0.66311157
0.4671981
0.71287775
0.71552193
0.4617045
0.88987124
0.58974236
0.75268626
0.53856313
0.59016865
0.5616794
0.73082316
0.6491486
0.60018283
0.61588573
0.5973967
0.49702826
0.6038697
0.5608967
0.68908644
0.44935104
0.7304097
0.5221941
0.49312666
0.62266135
0.5482003
0.6701759
0.49349266
0.7158669
0.35472554
0.42373884
0.45172563
0.57668185
0.82535833
0.56838393
0.53290534
0.7767592
0.41984048
0.5602896
0.48025978
1.0172734
0.75423706
0.5391845
0.55845875
0.538994
0.6217549
0.3814386
0.7993294
0.6600106
0.64520913
0.87157226
0.6148646
0.39820555
0.58273304
0.8066362
0.88948756
0.6161598
0.49662447
0.59392285
0.49937895
0.48241085
0.6717385
0.47741225
0.54474056
0.50859904
0.63270736
0.4513864
0.63206905
0.40337107
0.746186
0.61370337
0.49782145
0.49572387
0.41202837
0.51289153
0.4022297
0.4636434
0.59505093
0.48304743
0.78589904
0.4298945
0.42260438
0.59165823
0.39103803
0.6788753
0.6754561
0.39177352
0.39687428
0.3368282
0.9432656
0.5224334
0.44472748
0.7047235
0.37902686
0.47475547
0.64859307
0.4160151
0.469561
0.55272335
0.60403126
0.5342847
0.38886583
0.9733408
0.50834686
0.9476242
0.48034927
0.42455333
0.5791927
0.8873255
0.6112298
0.6227965
0.44108132
0.47159475
0.572796
0.55889356
0.65090144
0.5239996
0.7637868
0.4459643
0.5030363
0.40662378
0.52995175
0.50329185
0.46814585
0.6248064
0.5261366
0.74586296
0.61096585
0.68431216
0.4216398
0.71566266
0.749322
0.5028513
0.5278966
0.8260715
0.37860134
0.73796207
0.83575773
0.7566948
0.8410949
0.48948616
0.46990287
0.57602406
0.3902867
0.43022168
0.46785355
0.49521297
0.39369842
0.58193076
0.552912
0.46619955
0.49339646
0.5909203
0.7236818
0.44445616
0.43944362
0.70437676
0.49608627
0.47758746
0.5529158
0.3892356
0.6300769
0.48525015
0.5815915
0.5231809
0.53753465
0.6024836
0.45634776
0.49552405
0.40267184
0.3659663
0.7219961
0.65777797
0.6206496
0.6763904
0.5260419
0.69788617
0.5552378
0.46890745
0.5882288
0.53830713
0.58637005
0.69498014
0.42567647
0.9078567
0.52060395
0.35057274
0.37656942
0.35788348
0.47384557
0.4740937
0.6657744
0.43247664
0.7518014
0.47194767
0.32617727
0.42958385
0.41874152
0.43431324
0.4349205
0.33755827
0.45268905
0.53258437
0.30909652
0.67566067
0.6464483
0.6820234
0.5792176
0.28911307
0.4786269
0.6218666
0.32344952
0.3931978
0.5911464
0.48891735
0.41315478
0.28986531
0.9513632
0.42807746
0.48726916
0.2816378
0.47281078
0.3733239
0.466527
0.53811973
0.69342077
0.38775083
0.5150245
0.58515704
0.79917485
0.3294244
0.9679585
