34.50278015434742
29.111086577177048
27.803168311715126
27.701643332839012
26.593655437231064
26.50475451350212
26.40824580192566
26.805648289620876
26.30434512346983
25.5990808904171
27.63790075480938
23.785635396838188
26.634576305747032
25.998311921954155
25.984899938106537
24.919341430068016
25.93411287665367
25.55329665541649
25.008404798805714
25.212035834789276
27.42662212252617
22.26797692477703
25.65556351840496
25.10172165930271
23.98270171880722
26.005341216921806
24.67302270233631
22.123558290302753
25.519255444407463
25.148359298706055
23.962140798568726
23.465302027761936
24.37204384803772
23.822581343352795
24.131492972373962
24.264157593250275
24.584504157304764
22.07908696681261
24.517732709646225
25.453627534210682
21.161113366484642
25.145526342093945
22.654783129692078
24.249265737831593
24.11376167088747
23.839945077896118
22.199167490005493
23.991190873086452
24.0087014362216
23.10845745354891
21.199955604970455
23.889035001397133
22.842258289456367
24.251576237380505
23.39495774358511
23.800915606319904
21.42002110928297
22.93100904673338
22.69314992427826
21.708074986934662
23.942962408065796
23.047288440167904
22.420737393200397
22.919012129306793
22.882404200732708
23.44668786972761
22.823126308619976
23.102296389639378
24.338738441467285
20.15398372709751
24.09843558818102
23.00810408592224
22.692364506423473
23.99688781052828
23.007966674864292
20.864672236144543
22.952434681355953
22.903542183339596
22.82502008974552
22.155970439314842
22.670262560248375
21.78084932267666
22.538244999945164
22.78668338805437
22.845093607902527
21.341308936476707
22.955205142498016
24.091351632028818
20.424556344747543
23.245358996093273
22.32365905493498
22.53118573874235
22.174919314682484
22.492908738553524
20.858504310250282
22.09267459064722
22.494873754680157
22.628734089434147
21.531816877424717
23.618708565831184
22.222804442048073
21.09250445663929
22.452005557715893
22.271568089723587
21.321145452558994
21.47682574391365
22.33327417820692
20.815725959837437
22.87155506759882
22.176894709467888
22.56920674443245
21.05688565969467
21.339181795716286
21.37527894973755
22.255431972444057
21.498972319066525
23.10730665922165
19.294520251452923
23.482756964862347
21.908441975712776
21.802338428795338
22.748991303145885
20.943413890898228
20.252446442842484
21.365731183439493
21.62837415188551
20.583595409989357
20.861051008105278
21.897394731640816
22.510706014931202
21.638217210769653
22.16479456424713
22.13045448809862
21.091144271194935
21.721159525215626
22.32853826880455
18.6505481377244
22.55097223073244
20.82310537993908
21.91940861940384
21.305677853524685
21.11889623850584
19.929592326283455
21.21782636642456
21.858855053782463
22.154790349304676
21.534156255424023
21.590027302503586
20.827701836824417
21.371774420142174
22.27710772305727
21.89176444709301
20.031683459877968
20.961321756243706
21.92500700801611
21.1166013777256
22.490819044411182
21.556294582784176
21.46177390217781
21.060351848602295
22.779224067926407
21.500828303396702
20.79439301788807
21.237716488540173
22.76772766560316
19.502820946276188
22.98208624869585
21.51999992877245
20.71245749294758
22.595368929207325
21.08999303728342
20.170556150376797
21.61405762284994
21.74878603219986
21.5738707780838
20.4204239025712
21.804604575037956
20.953447930514812
21.155650448054075
20.9707685187459
21.516526699066162
20.335530422627926
21.199926186352968
21.865593321621418
19.49522414803505
22.936726182699203
20.18283811211586
20.93510366231203
22.58469058573246
21.49923086166382
20.50605533272028
21.27842615544796
21.898254565894604
21.85222565382719
21.129064939916134
21.57435680180788
20.809924699366093
20.64555475860834
21.26028161495924
22.147941581904888
19.54907437413931
19.89729707315564
22.137372702360153
20.017041459679604
22.366153463721275
21.2911169603467
21.218827180564404
19.785116031765938
20.986138954758644
21.702033162117004
20.706094533205032
21.020761277526617
21.71861021220684
18.964707039296627
23.01999556273222
21.560213409364223
20.58354715257883
22.173170514404774
20.709393367171288
19.919515274465084
21.474182840436697
21.33650580048561
22.127941519021988
20.634644903242588
21.951516702771187
20.80663663893938
20.373889833688736
20.944434359669685
22.13616219907999
21.096565887331963
21.672136828303337
22.85493776202202
18.869489759206772
22.873760148882866
21.13153200596571
22.087295189499855
20.853768464177847
21.540694564580917
20.248820334672928
22.13761878013611
20.822358045727015
21.047430120408535
20.472102604806423
21.285302095115185
21.314438320696354
21.46842709928751
22.06089562922716
22.076196253299713
19.73774917423725
20.218501966446638
22.100782819092274
20.483782410621643
22.85674276202917
21.009381160140038
22.045002855360508
19.884686417877674
21.30795758217573
20.95258277654648
20.610148712992668
21.025659762322903
21.492545537650585
19.009679354727268
22.30409536510706
21.36608973890543
21.116790145635605
22.192508853971958
20.916125267744064
20.27826375514269
21.176778506487608
21.09126217663288
21.259321503341198
22.093114241957664
21.737381041049957
20.02774017304182
20.660340812057257
21.01185394451022
21.516704812645912
20.373066015541553
21.703402929008007
23.02647454291582
18.840188272297382
22.19951744377613
20.70744562894106
21.634100645780563
21.62779176235199
21.029261276125908
20.67687749117613
22.16394753754139
20.881543900817633
21.879824236035347
20.37440700829029
22.013248831033707
20.824849255383015
21.038352146744728
21.419934198260307
22.178473331034184
20.051027223467827
20.921093102544546
21.999755658209324
21.538319051265717
22.430996853858232
21.26326458901167
21.139217868447304
20.819135915488005
21.4510460421443
21.024034045636654
20.422327876091003
21.72286006435752
21.913279555737972
19.26450750976801
23.14322955161333
20.540660545229912
20.597907707095146
21.990291230380535
21.541013851761818
20.14369574189186
21.514108195900917
20.960884295403957
21.872111462056637
21.636409260332584
21.666432075202465
21.273706257343292
20.639349065721035
21.844063848257065
21.74261899292469
20.60637555271387
21.37135014310479
22.017039857804775
19.178409203886986
21.957673773169518
20.348299264907837
21.93605449050665
21.193941704928875
21.26096846908331
20.069297552108765
21.14418102800846
21.648675229400396
22.019431106746197
19.486286394298077
22.494864463806152
21.194476909935474
21.059521317481995
21.08714434504509
21.430704653263092
20.121585860848427
20.263317335397005
21.585272781550884
20.713164485991
21.75356026738882
21.383287891745567
20.576636373996735
20.535478301346302
21.638903461396694
22.00283321738243
20.433804713189602
21.31364320218563
22.628206215798855
19.52610705792904
22.53746746480465
20.7423462793231
20.775543212890625
22.019437730312347
21.7316997051239
18.75810556486249
21.69380485266447
20.757968701422215
21.59455382078886
21.044430285692215
21.742580570280552
21.00447216629982
21.080442652106285
21.952422320842743
22.168695330619812
19.690491147339344
21.033374462276697
21.770575307309628
18.47003185749054
22.893762327730656
21.348663091659546
21.792061880230904
21.702225476503372
21.013392113149166
20.190542221069336
21.240573950111866
22.56291700899601
21.20151263475418
20.385743588209152
21.573117956519127
20.643539026379585
20.935652643442154
22.066286325454712
21.73221994191408
20.160982824862003
20.701903089880943
21.071680508553982
21.00704361498356
22.610549449920654
20.79729251563549
21.44769138842821
21.379406537860632
22.2119417861104
21.613209761679173
20.698349103331566
20.320916187018156
22.212535969913006
19.674108169972897
21.648854583501816
21.064393118023872
21.713167443871498
22.902414683252573
21.402192421257496
20.313133992254734
20.88199495524168
21.223667219281197
21.073705814778805
21.29909983277321
21.872891269624233
20.66792418807745
20.776766270399094
22.10393249988556
21.108294501900673
20.072938583791256
20.93723215535283
22.56807792186737
19.108528703451157
22.23266699910164
20.88014765828848
21.798553951084614
21.91644824296236
21.327807366847992
19.98092721402645
21.328836120665073
21.618227742612362
21.134504914283752
20.46060298383236
22.118904419243336
21.172785125672817
19.4863393753767
21.733826369047165
20.35595016181469
19.909425988793373
20.984453782439232
21.83277516812086
20.16385705769062
22.27084220200777
21.755147501826286
21.370462097227573
20.593095682561398
21.635800138115883
21.585979662835598
21.27946311235428
21.40377825498581
22.13265060633421
19.2199688218534
23.048298709094524
21.088759772479534
21.694953575730324
21.512211553752422
21.372963175177574
20.203440137207508
20.915014900267124
21.476560547947884
21.036159992218018
21.754526667296886
21.155420675873756
21.0782487988472
20.743718564510345
21.658072039484978
21.748298682272434
20.11341232061386
21.424023892730474
22.173794232308865
18.905107371509075
22.430342003703117
20.372559651732445
20.805118329823017
21.103803388774395
22.209104046225548
20.239052280783653
20.92896420508623
20.34974765777588
20.77323804050684
20.674460709095
21.58643652498722
21.205091953277588
20.629589833319187
21.74588768556714
21.303777933120728
19.866168804466724
21.24573129042983
22.04088132828474
20.68301635235548
23.27426716685295
22.123366840183735
21.32860542088747
20.72313202917576
21.449704386293888
21.885071888566017
20.796906914561987
21.672563530504704
