0.84320945
0.8530496
0.79162276
0.7166516
0.6694638
0.7021939
0.68709594
0.6873673
0.70548844
0.6829542
0.681053
0.66265875
0.67456794
0.68806255
0.65559816
0.6733404
0.66810715
0.685397
0.7259137
0.71779925
0.6520395
0.6293691
0.6952623
0.70081973
0.6894679
0.6929728
0.67091906
0.6956494
0.59743124
0.67783767
0.6795584
0.7060977
0.62083447
0.70889086
0.65127105
0.65185815
0.64235187
0.6077001
0.63431114
0.6520005
0.6033544
0.63090557
0.5968108
0.69466925
0.72224677
0.68039906
0.5289975
0.6096621
0.66600025
0.61066914
0.7102487
0.60505205
0.5968478
0.6736215
0.6777778
0.5404419
0.60755765
0.519937
0.6833424
0.6671145
0.5819289
0.7047643
0.7142443
0.60804164
0.5837725
0.6337738
0.6003743
0.719453
0.6218087
0.689591
0.5694171
0.46823266
0.516974
0.5536732
0.4571975
0.48872763
0.5910642
0.8747944
0.56801003
0.69653034
0.54558873
0.52368695
0.58128357
0.5824299
0.7515219
0.7290796
0.7488136
0.7557004
0.67788655
0.63852155
0.6873458
0.66936606
0.66266155
0.6717335
0.7174671
0.75900984
0.6760958
0.61332405
0.66955984
0.61180294
0.616382
0.65690887
0.6904997
0.6854005
0.58772457
0.5098979
0.59851116
0.55896634
0.62049544
0.5974865
0.5677233
0.6216922
0.59506357
0.58835524
0.5396698
0.68447125
0.6956444
0.79713356
0.6389616
0.77066827
0.7576995
0.77423465
0.712636
0.7207675
0.71276355
0.6716025
0.6572345
0.6606295
0.67134726
0.61354524
0.65113187
0.6833663
0.59905195
0.7059797
0.64438546
0.60767347
0.6167911
0.6630976
0.60441625
0.5878564
0.6526095
0.6235029
0.62048537
0.6266859
0.622981
0.59593415
0.73098147
0.5818466
0.6575081
0.585544
0.6085397
0.44719738
0.6207895
0.467706
0.5028332
0.5280858
0.44603035
0.41602492
0.60705006
0.49299207
0.845412
0.6984774
0.43245536
0.46562108
0.41575864
0.40293384
0.5818596
0.42245802
0.36978778
0.6151894
0.56875414
0.4799697
0.37105852
0.55543154
0.69420093
0.5819913
0.71448505
0.7161885
0.52051723
0.51651716
0.54059297
0.5388423
0.60186344
0.680959
0.5435597
0.47623807
0.3581293
0.43291792
0.38191673
0.3973643
0.33590627
0.51942974
0.44365168
0.5296472
0.98913705
0.38975665
0.58112466
0.4010806
0.4972544
0.5540607
0.46086138
0.5104254
0.88310975
0.5327565
0.6082721
0.41878915
0.5148238
0.5651177
0.7190811
0.7665138
0.73090696
0.5815028
0.55858773
0.46147594
0.673055
0.55046153
0.45798627
0.62010324
0.50749207
0.64637727
0.5347731
0.6144774
0.6929038
0.4276935
0.6824559
0.5486021
0.58166856
0.6128955
0.50835747
0.44870126
0.58870983
0.53866637
0.42802182
0.8815459
0.5615241
0.564932
0.84011984
0.5586024
0.65522236
0.5802424
0.6208114
0.672824
0.6423784
0.62479204
0.5275475
0.61031294
0.602253
0.57862675
0.5264594
0.4725106
0.4429109
0.41455442
0.488813
0.44551164
0.812796
0.5333492
0.6024365
0.6725186
0.83895123
0.77900165
0.61860263
0.59714323
0.76107746
0.6419961
0.5355828
0.46744657
0.5918116
0.604879
0.55802214
0.49398622
0.6591466
0.6478163
0.4926987
0.5845044
0.64537036
0.79191595
0.4807941
0.5585854
0.6615323
0.457463
0.5962256
0.6364727
0.6133239
0.6089109
0.47823486
0.6003762
0.5220564
0.51190305
0.54827183
0.56711614
0.46548876
0.3851277
0.61837125
0.4346536
0.54476374
0.4261088
0.5400156
0.3206935
0.4600784
0.3818981
0.40340587
0.67981666
0.50987065
0.5185646
0.8072339
0.35513112
0.51334774
0.43225402
0.66121036
0.72566694
0.5956866
0.43188715
0.60292566
0.57759595
0.45536053
0.71172535
0.6476086
0.52932173
0.6052786
0.5079603
0.35414702
0.4836573
0.67059076
0.77742565
0.61665195
0.46531627
0.69684875
0.52941084
0.49861908
0.6601207
0.47175094
0.5341344
0.4962952
0.49327314
0.4331144
0.43760026
0.41672152
0.7321369
0.59556866
0.4770289
0.56956935
0.36961925
0.5401113
0.38665128
0.4176479
0.42871863
0.45244008
0.9147398
0.4326465
0.40237027
0.64885896
0.32049236
0.66044533
0.7135009
0.44249374
0.4496157
0.42432693
0.775299
0.5685992
0.6802971
0.49398515
0.57618165
0.43578178
0.71863383
0.40822157
0.49301213
0.52295613
0.51591855
0.3554701
0.31797218
0.6819646
0.3424808
0.71814716
0.47858113
0.34993002
0.49193782
0.7261703
0.64460987
0.51428574
0.4594433
0.41103637
0.74431
0.5323134
0.6584659
0.494872
0.6874013
0.55993927
0.4380343
0.43334937
0.4867184
0.39450637
0.413852
0.5541315
0.5458408
0.63003117
0.45187208
0.47608563
0.37697342
0.63690126
0.8061543
0.46939388
0.52178717
0.68003505
0.48104876
0.77140296
0.5819533
0.7760682
0.7128781
0.45900255
0.5203311
0.7093396
0.4497144
0.4506947
0.5171553
0.48474658
0.40915504
0.52233547
0.37949124
0.42695266
0.45108137
0.40568435
0.72483826
0.46294558
0.37440097
0.6683615
0.52570534
0.64585245
0.6946967
0.35796317
0.711643
0.36310032
0.62722045
0.5763209
0.568715
0.61820936
0.456547
0.5125302
0.39452043
0.3673336
0.7235547
0.5814923
0.46672183
0.6595294
0.53512025
0.85856867
0.37904298
0.47697276
0.5435479
0.3477086
0.46462035
0.7468153
0.42380726
0.8715335
0.46073002
0.3366935
0.64162755
0.4268071
0.77154684
0.4735764
0.6776473
0.39856088
0.6189519
0.49716473
0.372366
0.42942804
0.4096038
0.3930998
0.59458923
0.41199368
0.28048778
0.5553144
0.37842676
0.47344857
0.5768159
0.48705384
0.38046974
0.28237054
0.6597349
0.6153161
0.30559397
0.3979834
0.4582983
0.48864862
0.47649908
0.32711092
0.77850026
0.29202726
0.41906285
0.26779875
0.56260985
0.34106255
0.4634235
0.5050776
0.7211165
0.41562784
0.4929435
0.59144914
0.6716368
0.34378374
0.9080691
