0.9715682
0.85889316
0.83701336
0.90275043
0.801063
0.9270045
0.73524344
0.73272157
0.7363582
0.7629174
0.6924914
0.67888826
0.6727187
0.6755985
0.63715166
0.648401
0.6649691
0.66937387
0.7542592
0.7195333
0.5982792
0.6167038
0.65563667
0.6607865
0.6498984
0.6789601
0.59773946
0.6944968
0.56898314
0.6895402
0.6654114
0.6958953
0.57520825
0.70300186
0.5423993
0.60555035
0.65773326
0.5493827
0.56743973
0.59844947
0.6030416
0.68917507
0.56568825
0.6630774
0.78492725
0.6438475
0.42486858
0.64273673
0.662596
0.61881375
0.69910145
0.58337086
0.61464906
0.7129023
0.5854955
0.5463071
0.5235267
0.5602962
0.6317323
0.54386514
0.51670766
0.7452422
0.49169242
0.6141663
0.51109993
0.3937176
0.5762775
0.69263685
0.5292558
0.95299673
0.5505146
0.3643721
0.5159515
0.529125
0.45410883
0.4697346
0.48454353
0.76098216
0.78842074
0.44033068
0.5019677
0.58150965
0.46386075
0.49209857
0.5990779
0.7731791
1.0912524
0.64797664
0.4826019
0.73970675
0.7396404
0.49326906
0.46746385
0.5528279
0.7279406
0.7982208
0.63740623
0.596859
0.52976084
0.5317396
0.5068017
0.59322727
0.68002987
0.5288581
0.44489983
0.46357214
0.36009088
0.3554318
0.397927
0.34095323
0.30070224
0.4066105
0.35400587
0.68524957
0.4162198
0.58887625
0.6381666
0.9384953
0.4506035
0.8387034
0.7050466
0.9463906
0.6191745
0.8490803
0.6228328
0.56842923
0.66627926
0.70686835
0.47434133
0.50042784
0.4387304
0.45048338
0.6227716
0.8154047
0.6196661
0.5280439
0.53898555
0.71493506
0.5850887
0.52464235
0.6351762
0.53539705
0.4828078
0.55035424
0.55882406
0.57442886
0.74084055
0.6597982
0.5596915
0.5903566
0.51995724
0.46441537
0.5870503
0.43857545
0.46919593
0.54286844
0.42310402
0.562266
0.5969642
0.41665125
0.7129596
0.51437134
0.40828413
0.33382314
0.4168618
0.36663657
0.48330727
0.4121527
0.3143138
0.7480799
0.4925446
0.45049405
0.3639363
0.36114138
0.45828715
0.5292689
0.608463
0.68302995
0.49976712
0.5024859
0.4163057
0.46803144
0.68809795
0.62248576
0.57132155
0.42378932
0.2915867
0.38408065
0.30804315
0.3270084
0.31997323
0.6105715
0.39886332
0.45492163
0.8658476
0.28141212
0.58443904
0.3480537
0.33495417
0.49429414
0.43329233
0.44223875
0.47038493
0.519579
0.5210605
0.34955165
0.46602368
0.4572201
0.43391472
0.5317034
0.62145436
0.41911483
0.4596634
0.3817141
0.67299074
0.6497762
0.5901217
0.55136317
0.37862974
0.55300295
0.6482256
0.6472853
0.5538893
0.6372091
0.6353034
0.5473777
0.49400917
0.7047944
0.5522462
0.32380325
0.6488237
0.66809934
0.40024886
0.5682526
0.5054898
0.51412535
0.6917306
0.5161321
0.55941665
0.4667251
0.7369143
0.5419666
0.63659537
0.52605057
0.536486
0.6612852
0.65014064
0.5765607
0.49346516
0.31704515
0.3726422
0.38180315
0.46438083
0.4275323
0.63797075
0.57424265
0.5377046
0.56811893
0.59455556
0.8292758
0.4978285
0.80478036
0.62314606
0.6301272
0.3730042
0.38060308
0.58504075
0.48223162
0.63118947
0.4370184
0.47615516
0.65754694
0.47865972
0.6173919
0.6227267
0.5956082
0.38620198
0.50936604
0.73754835
0.6615397
0.53597534
0.5335824
0.40890932
0.61197186
0.505154
0.5748428
0.58084315
0.4229069
0.5770701
0.66434824
0.42760667
0.47759235
0.6195589
0.38236296
0.79930604
0.36751285
0.46316645
0.36926308
0.52565736
0.49067163
0.6889924
0.6215691
0.503329
0.46547243
0.7408713
0.40667817
0.47765043
0.5669352
0.55669534
0.70881224
0.49565527
0.45413095
0.61277705
0.5648663
0.3534657
0.6367637
0.64962816
0.5029415
0.48101768
0.46922043
0.33574858
0.54268813
0.6894248
0.72746384
0.60106224
0.46186173
0.6536331
0.49878377
0.44122255
0.5965562
0.48347142
0.46943355
0.46306175
0.45849338
0.36241072
0.5552722
0.3328066
0.801528
0.61098015
0.37709343
0.5313237
0.37048227
0.5655954
0.4079839
0.44021475
0.64151514
0.41664866
0.7498756
0.5443549
0.40097228
0.39104483
0.3466941
0.65628225
0.72245085
0.4068237
0.39325738
0.32027337
0.7434779
0.5456221
0.7344819
0.49140257
0.349677
0.4750773
0.5276542
0.44347277
0.4950786
0.54046386
0.41041124
0.30639628
0.29713273
0.6833841
0.4564022
0.6870367
0.472457
0.40562436
0.4040712
0.6934771
0.54797274
0.46266708
0.40830204
0.42825422
0.5994698
0.5123512
0.5503009
0.4604389
0.73688406
0.48273012
0.364788
0.39735025
0.45480305
0.40897053
0.35812944
0.5646274
0.4105982
0.70406264
0.3971901
0.4997904
0.407817
0.63528305
0.637706
0.3728037
0.4317245
0.7370535
0.40954313
0.7804469
0.8570715
0.7202717
0.60626537
0.37223014
0.52642924
0.84415823
0.33451778
0.42192733
0.44263974
0.4420758
0.37816563
0.57019067
0.44971487
0.43476212
0.43807322
0.48565602
0.59797615
0.5253813
0.3485153
0.6069444
0.5449342
0.56078154
0.4945552
0.33074832
0.6212052
0.35611913
0.5182602
0.5588917
0.5950874
0.64450586
0.3243345
0.48704043
0.35266116
0.340648
0.5800036
0.45350155
0.5572897
0.49452662
0.5014195
0.6830889
0.43502373
0.48305017
0.46817267
0.48567855
0.54643357
0.7194789
0.44445568
0.7782568
0.6157889
0.26428005
0.3704989
0.32555982
0.42517406
0.4586863
0.7300391
0.4042951
0.7086044
0.439183
0.2848999
0.42216223
0.5090496
0.4392096
0.3507662
0.48144358
0.36727843
0.4666578
0.37961268
0.45004088
0.76664364
0.48970982
0.58775175
0.33064228
0.7476589
0.6325515
0.38976312
0.3627005
0.5504301
0.43267658
0.5026988
0.33263573
0.6625688
0.3447422
0.46523958
0.29227075
0.5090929
0.3741332
0.4536314
0.46498534
0.62315327
0.38854945
0.47840378
0.44517085
0.72405887
0.3471663
0.9362384
