396.9477728009224
235.2656678557396
180.97995680570602
181.69859099388123
159.47998368740082
153.96941828727722
145.22288244962692
151.94697660207748
132.87857228517532
144.5696803331375
144.3185532093048
127.60469162464142
137.93206650018692
134.77453994750977
130.1705595254898
132.61061918735504
133.05494225025177
134.6833941936493
128.71621012687683
132.78877747058868
142.3699397444725
108.0098532140255
129.6493912935257
130.39862924814224
123.49061906337738
134.65723353624344
123.81546086072922
118.09023404121399
122.66517740488052
129.07097977399826
120.32801502943039
119.31107717752457
128.0771887898445
123.1054298877716
122.09600162506104
127.14644926786423
127.54607528448105
115.58161735534668
121.01306754350662
130.14917740225792
104.80692234635353
123.36387503147125
116.88474595546722
121.84389674663544
117.97034189105034
123.1517881155014
114.46535763144493
117.9770388007164
119.09042769670486
113.58167859911919
112.57817113399506
124.99998378753662
117.64002105593681
108.89262211322784
116.5666976571083
119.91066280007362
116.32381144165993
120.99470028281212
120.40944582223892
111.64321565628052
119.7062840461731
115.33294135332108
117.601636916399
111.8719930946827
115.73574662208557
115.65832123160362
114.23378300666809
113.21040332317352
124.46794548630714
103.42355239391327
127.07576748728752
112.33751010894775
112.02444818615913
118.65128690004349
112.14513099193573
104.91876602172852
112.28550404310226
118.9485672712326
111.31488984823227
106.10160940885544
115.81235045194626
110.90082934498787
109.44889187812805
118.58166709542274
116.25119659304619
109.98677459359169
115.83956852555275
120.72282168269157
97.99547988176346
116.2501240670681
110.3758650124073
114.61490887403488
114.17793017625809
109.67278254032135
109.84259295463562
111.32620331645012
114.43616610765457
107.25596117973328
106.78638768196106
113.26354271173477
110.5884647667408
109.17994061112404
112.86861717700958
111.52130782604218
103.18261122703552
108.2808229625225
110.87198668718338
107.55074402689934
118.10300114750862
110.61361381411552
110.89928501844406
105.94636592268944
110.8301055431366
110.9905124604702
107.3733167052269
106.02817651629448
117.80786073207855
96.12480196356773
115.35157510638237
110.28310120105743
109.12419390678406
116.86444300413132
110.64976766705513
99.57950001955032
109.67399847507477
109.82135212421417
110.19605642557144
107.26376822590828
106.78677397966385
110.94624796509743
105.90792515873909
111.1632327735424
110.64362961053848
105.26727244257927
108.76788303256035
111.83952751755714
95.39507818222046
109.45652613043785
107.73309084773064
113.4174091219902
108.6489255130291
109.21456471085548
100.53728467226028
107.89661398530006
107.99279507994652
108.8652628660202
103.21827641129494
110.43098169565201
110.37137508392334
106.9630640745163
110.9766805768013
107.52892398834229
100.74984696507454
105.25882038474083
111.2465223968029
106.67351415753365
115.94324404001236
111.02633917331696
109.02659374475479
102.65896680951118
107.40768074989319
106.82544940710068
106.8997049331665
105.70517835021019
116.22075036168098
97.49248772859573
113.48630282282829
112.21670332551003
109.5621765255928
110.8898532986641
111.91737860441208
101.62281656265259
111.90268570184708
109.98934835195541
108.72377061843872
107.47573381662369
107.17141607403755
107.74330857396126
102.59536400437355
105.98405319452286
111.51977834105492
102.93575385212898
103.99421498179436
112.80264836549759
94.3185119330883
113.46325436234474
102.73076924681664
109.69033804535866
106.94257339835167
111.74944370985031
101.72696366906166
104.86596396565437
107.73610278964043
108.01285094022751
101.4540488421917
110.71209502220154
105.36175605654716
101.14442792534828
112.55657425522804
107.73128175735474
103.0161092877388
105.8698832243681
106.4795081615448
99.60764449834824
110.5175632238388
103.90466871857643
105.7643666267395
102.58779183030128
107.56521341204643
105.1157676577568
104.99731886386871
102.3644395172596
110.8079654276371
93.9361769258976
117.39203584194183
109.356879144907
99.41522458195686
110.02382209897041
105.72781467437744
101.82059878110886
110.21768507361412
106.27927058935165
110.14095157384872
105.89345079660416
107.29301738739014
105.31621104478836
105.36438864469528
108.77763339877129
106.2666654586792
104.19089123606682
108.13404580950737
111.27058094739914
94.06031382083893
112.74039500951767
107.78031712770462
106.17330092191696
110.23162019252777
104.00887221097946
107.74306306242943
107.01729702949524
109.78865480422974
109.08087939023972
105.81231507658958
111.35871639847755
109.16938903927803
105.94362492859364
109.06044033169746
106.90279453992844
101.0308510363102
108.33628517389297
109.4860914349556
106.09299141168594
116.4859219789505
107.09056407213211
108.1324048936367
102.85091385245323
111.14671814441681
109.38434889912605
106.36829051375389
105.11364731192589
111.25877773761749
97.6017199754715
113.81451335549355
107.24677389860153
104.3110149204731
107.84570407867432
106.34537103772163
100.69161495566368
108.9393141567707
108.44281741976738
107.8817250430584
106.83576294779778
105.42977121472359
109.06864413619041
102.548963367939
111.25832688808441
107.36700895428658
105.78524041175842
104.97254425287247
113.48471236228943
95.60907590389252
116.9037673175335
103.98832139372826
112.23435741662979
105.77475452423096
107.1517342031002
100.70856288075447
106.78124317526817
108.73523706197739
106.25594866275787
104.9763585627079
109.91300582885742
106.47458964586258
102.3319781422615
107.9988956451416
106.24508920311928
102.25029528141022
107.87055909633636
113.10201135277748
103.1809247136116
110.77338382601738
103.38641807436943
109.29723849892616
100.1715338230133
106.68748307228088
107.007952272892
105.14786064624786
105.9368586242199
108.5654801428318
98.52055856585503
114.01664814352989
103.4372430741787
104.47368487715721
110.70229402184486
105.65655818581581
101.8475054204464
109.64375957846642
109.13641348481178
108.50559392571449
107.60508608818054
109.20324921607971
104.37317791581154
100.88464042544365
112.65044832229614
104.77058380842209
103.92054745554924
108.13320407271385
109.68971091508865
97.06836566329002
109.80268293619156
108.1652162373066
107.04972830414772
106.55453680455685
111.51971819996834
102.70560631155968
105.1097823381424
109.81644570827484
102.40120655298233
106.28109124302864
108.97339248657227
110.26429921388626
104.2493956387043
106.50574281811714
107.56516316533089
107.91434442996979
103.74940383434296
106.55950385332108
99.36057928204536
111.94721204042435
105.2453932762146
108.43625557422638
102.16784679889679
109.91260826587677
106.76941561698914
106.13976502418518
108.65522050857544
108.95877084136009
96.60979279875755
109.27664214372635
109.50797402858734
107.09589564800262
108.70158913731575
108.31670078635216
102.5268027484417
107.83709082007408
107.03223943710327
108.58681285381317
109.85656750202179
107.18780013918877
108.6806423664093
105.47658978402615
103.27696573734283
102.56835287809372
105.31040561199188
108.5012284219265
114.82565066218376
91.98131212592125
109.85659581422806
107.29995235800743
106.46273323893547
107.94662544131279
103.56139701604843
102.56378319859505
104.11430218815804
103.80736523866653
107.66330894827843
106.25868844985962
110.43935045599937
105.00681605935097
104.9762612581253
108.33402153849602
107.08546417951584
103.80369013547897
107.07900112867355
109.50236389040947
99.62460082769394
113.83437061309814
107.36820003390312
106.3996374309063
103.83155643939972
106.11917126178741
110.14642030000687
104.73390612006187
105.10740134119987
106.55314835906029
94.79378962516785
110.16645735502243
107.10851046442986
104.19409397244453
111.17533072829247
105.33631446957588
100.69339418411255
108.43934851884842
103.97993272542953
105.51835271716118
105.3972182571888
105.99572160840034
107.02097424864769
104.78626170754433
113.08033001422882
107.90857675671577
105.53520056605339
101.73227587342262
112.92748498916626
94.3909837603569
116.8443997502327
108.32984384894371
109.86124125123024
107.40438133478165
110.837820738554
101.76328802108765
105.17692503333092
111.29454457759857
102.28338778018951
103.99574941396713
108.6699329316616
105.00805288553238
104.01973780989647
110.4338119328022
110.06117284297943
100.65998759865761
105.95217549800873
105.22748747467995
99.7691111266613
111.53094717860222
104.34680226445198
104.87171491980553
103.93656492233276
109.28360870480537
107.3161553144455
101.9915742278099
107.36833462119102
109.81988313794136
97.03018593788147
115.8343563079834
107.80651590228081
106.47143593430519
110.8571929037571
108.37288331985474
98.9020993411541
107.99047830700874
104.9454260468483
107.0829074382782
105.98880368471146
105.07457876205444
107.44261094927788
103.64746615290642
110.49489176273346
104.48578891158104
105.4739373922348
105.36812543869019
110.09812086820602
95.5743083357811
113.6235935986042
106.02141225337982
108.40150344371796
111.27613335847855
106.51756602525711
102.58005264401436
106.53634908795357
106.67676964402199
106.62741723656654
102.8870906829834
106.27634286880493
106.42936697602272
105.9958384335041
106.9807136952877
106.07382315397263
99.59869509935379
104.24284145236015
109.21806326508522
102.37874835729599
110.6884494125843
107.78195831179619
111.29843893647194
104.52560043334961
105.9592916071415
107.02568995952606
105.3119695186615
107.93396240472794
